0   0   0   0   0   0   0   0   87  87  87  87
10  0   0   0   0   0   0   0   87  87  88  88
20  0   0   0   0   0   0   0   87  87  89  89
30  0   0   0   0   0   0   0   87  87  90  90
40  0   0   0   0   0   0   0   87  87  91  91
50  0   0   0   0   0   0   0   87  87  92  92
60  0   0   0   0   0   0   0   87  87  93  93
70  0   0   0   0   0   0   0   87  87  94  94
80  0   0   0   0   0   0   0   87  87  95  95
90  0   0   0   0   0   0   0   87  87  96  96
100 0   0   0   0   0   0   0   87  87  97  97